-1 -1 -1 -1 -1 -1 -1 -1 -1 -1 -1 -1 -1
-1 00 01 -1 02 03 04 05 06 22 12 22 -1
-1 07 -1 -1 -1 -1 08 -1 -1 -1 -1 22 -1
-1 10 -1 11 22 22 22 22 11 22 -1 22 -1
-1 12 -1 14 15 22 16 22 18 22 -1 -1 -1 
-1 19 20 22 21 -1 13 -1 24 22 22 22 -1
-1 -1 -1 25 22 22 22 22 27 22 -1 22 -1 
-1 28 -1 29 30 -1 22 -1 22 22 -1 22 -1 
-1 22 -1 -1 22 22 22 22 22 22 -1 -1 -1 
-1 22 22 22 22 22 22 22 22 22 -1 22 -1 
-1 -1 -1 -1 -1 -1 22 -1 -1 -1 -1 22 -1 
-1 22 22 22 22 22 22 22 22 22 22 22 -1
-1 -1 -1 -1 -1 -1 -1 -1 -1 -1 -1 -1 -1 